%YAML:1.0
---
model_type: PINHOLE
camera_name: camera
image_width: 640
image_height: 480
distortion_parameters:
   k1: 0.0
   k2: 0.0
   p1: 0.0
   p2: 0.0
projection_parameters:
  fx: 611.9695434570312
  fy: 612.0466918945312
  cx: 318.71343994140625
  cy: 237.70240783691406